[gd_scene load_steps=7 format=2]

[ext_resource path="res://actors/woman/woman_alpha_mesh.tres" type="ArrayMesh" id=1]

[sub_resource type="VisualShaderNodeInput" id=3]
input_name = "color"

[sub_resource type="VisualShaderNodeInput" id=4]
input_name = "normal"

[sub_resource type="VisualShader" id=5]
code = "shader_type spatial;
render_mode unshaded;




void vertex() {
// Input:2
	vec3 n_out2p0;
	n_out2p0 = NORMAL;

// Output:0
	COLOR.rgb = n_out2p0;

}

void fragment() {
// Input:2
	vec3 n_out2p0;
	n_out2p0 = COLOR.rgb;

// Output:0
	ALBEDO = n_out2p0;

}

void light() {
// Output:0

}
"
flags/unshaded = true
nodes/vertex/0/position = Vector2( 660, 40 )
nodes/vertex/2/node = SubResource( 4 )
nodes/vertex/2/position = Vector2( 320, 60 )
nodes/vertex/connections = PoolIntArray( 2, 0, 0, 6 )
nodes/fragment/0/position = Vector2( 840, 40 )
nodes/fragment/2/node = SubResource( 3 )
nodes/fragment/2/position = Vector2( 500, 80 )
nodes/fragment/connections = PoolIntArray( 2, 0, 0, 0 )

[sub_resource type="ShaderMaterial" id=6]
shader = SubResource( 5 )

[sub_resource type="Skin" id=2]
resource_name = "Skin"
bind_count = 61
bind/0/bone = 0
bind/0/pose = Transform( 1, 0, 0, 0, 0, -1, 0, 1, 0, -5.37767e-16, 1.68494, -0.000848535 )
bind/1/bone = 1
bind/1/pose = Transform( 1, -1.00438e-07, -2.35721e-09, 1.87122e-09, -0.0049655, 0.999988, -9.46293e-08, -0.993059, -0.0049655, 9.33737e-07, 1.76914, 9.22695 )
bind/2/bone = 2
bind/2/pose = Transform( 1, -4.63973e-13, 5.24437e-12, -6.49504e-09, 0.989034, 0.0900463, 5.65782e-10, -0.0894566, 0.995938, 2.83364e-12, -9.21353, 0.550456 )
bind/3/bone = 3
bind/3/pose = Transform( 1, 3.61632e-16, 1.66278e-15, -6.36571e-09, 0.970093, -0.213904, -1.41042e-09, 0.212388, 0.976855, 5.21726e-15, -10.1318, -2.62072 )
bind/4/bone = 4
bind/4/pose = Transform( 1, 1.42367e-07, -4.61729e-07, -1.02144e-08, 0.950792, 0.288646, 4.85318e-07, -0.286679, 0.957436, -1.88268e-06, -12.1845, 3.78952 )
bind/5/bone = 5
bind/5/pose = Transform( 1, -3.85168e-15, -6.25427e-13, -6.51945e-09, 0.992935, 0.0164866, 9.20048e-11, -0.0164068, 0.999864, 9.90986e-14, -13.312, 0.163944 )
bind/6/bone = 6
bind/6/pose = Transform( 0.14493, 0.00925662, 0.989397, 0.975531, -0.167266, -0.141306, 0.16533, 0.978839, -0.0335384, -0.25334, 1.98355, -12.3506 )
bind/7/bone = 7
bind/7/pose = Transform( -0.776258, -0.626047, -0.00071288, 0.629333, -0.769487, -0.059454, 0.0369285, -0.0463117, 0.998231, 8.81938, 8.6477, 0.633021 )
bind/8/bone = 8
bind/8/pose = Transform( -0.757616, -0.646532, 0.046506, 0.652693, -0.750781, 0.0492718, 0.00308158, 0.06718, 0.997702, 9.00074, 6.33464, -0.497034 )
bind/9/bone = 9
bind/9/pose = Transform( -0.00193243, -0.0796255, -0.996775, 0.72472, -0.682176, 0.0538762, -0.68904, -0.717277, 0.0594612, 0.60461, 3.13405, 9.35413 )
bind/10/bone = 10
bind/10/pose = Transform( 0.123345, 0.00381488, -0.992356, 0.665593, -0.736889, 0.0798834, -0.736052, -0.66571, -0.0940597, -0.447444, 3.23643, 9.10919 )
bind/11/bone = 11
bind/11/pose = Transform( 0.148497, 0.0690131, -0.98647, 0.619957, -0.778279, 0.0381415, -0.770456, -0.612951, -0.159441, -1.11432, 3.53663, 8.84402 )
bind/12/bone = 12
bind/12/pose = Transform( 0.163316, 0.126772, -0.978284, 0.621623, -0.777888, 0.00158636, -0.766103, -0.60416, -0.207261, -1.66285, 3.33661, 8.75925 )
bind/13/bone = 13
bind/13/pose = Transform( 0.973002, 0.0687884, -0.22016, 0.197804, -0.736625, 0.640852, -0.118916, -0.662451, -0.735417, -4.67428, 5.70903, 6.33429 )
bind/14/bone = 14
bind/14/pose = Transform( 0.852227, 0.493473, -0.163674, 0.515547, -0.739288, 0.424303, 0.088996, -0.442863, -0.890605, -7.82448, 4.09471, 3.5935 )
bind/15/bone = 15
bind/15/pose = Transform( 0.73967, 0.666698, -0.0466764, 0.66354, -0.711026, 0.216997, 0.112261, -0.190117, -0.975056, -8.81944, 2.99001, 1.39718 )
bind/16/bone = 16
bind/16/pose = Transform( 0.0955828, 0.0543377, -0.993918, 0.627855, -0.772741, 0.0175691, -0.772439, -0.621377, -0.108709, -0.944685, 3.70426, 8.93478 )
bind/17/bone = 17
bind/17/pose = Transform( -0.0045135, 0.0083157, -0.999955, 0.554088, -0.826637, -0.00944265, -0.832446, -0.550266, -0.000863706, -0.0747523, 4.2139, 8.63509 )
bind/18/bone = 18
bind/18/pose = Transform( -0.0658932, -0.0598323, -0.996004, 0.556949, -0.824684, 0.0134169, -0.827928, -0.550005, 0.0882953, 0.787509, 3.9754, 8.61312 )
bind/19/bone = 19
bind/19/pose = Transform( -0.0727518, -0.0608983, -0.995461, 0.616011, -0.782271, 0.00353354, -0.784371, -0.608714, 0.0951056, 0.644908, 3.85027, 8.89177 )
bind/20/bone = 20
bind/20/pose = Transform( -0.131573, -0.162789, -0.977653, 0.570225, -0.813572, 0.0606517, -0.810883, -0.545702, 0.201284, 1.78487, 4.07956, 8.5148 )
bind/21/bone = 21
bind/21/pose = Transform( -0.273551, -0.251345, -0.927952, 0.569475, -0.814429, 0.0558384, -0.775157, -0.509628, 0.368493, 3.22131, 3.88843, 8.07682 )
bind/22/bone = 22
bind/22/pose = Transform( -0.136233, -0.0483153, -0.98948, 0.589688, -0.800974, -0.0415026, -0.796058, -0.585061, 0.138591, 0.688899, 4.12903, 8.76574 )
bind/23/bone = 23
bind/23/pose = Transform( -0.357437, -0.248097, -0.899894, 0.553107, -0.827258, 0.0116004, -0.752537, -0.490186, 0.435954, 3.45606, 4.30921, 7.87166 )
bind/24/bone = 24
bind/24/pose = Transform( -0.398991, -0.279182, -0.872786, 0.570269, -0.815757, 0.00392589, -0.718053, -0.492735, 0.488087, 3.92512, 3.99157, 7.74477 )
bind/25/bone = 25
bind/25/pose = Transform( 0.14493, -0.00925663, -0.989397, -0.975531, -0.167266, -0.141306, -0.16533, 0.978839, -0.0335384, 0.25334, 1.98355, -12.3506 )
bind/26/bone = 26
bind/26/pose = Transform( -0.776258, 0.626047, 0.000712891, -0.629333, -0.769487, -0.0594539, -0.0369284, -0.0463116, 0.998231, -8.81938, 8.6477, 0.633021 )
bind/27/bone = 27
bind/27/pose = Transform( -0.757615, 0.646533, -0.0465057, -0.652693, -0.750781, 0.0492718, -0.00308131, 0.0671798, 0.997702, -9.00074, 6.33463, -0.497031 )
bind/28/bone = 28
bind/28/pose = Transform( -0.00193236, 0.0796254, 0.996775, -0.72472, -0.682175, 0.0538761, 0.68904, -0.717277, 0.0594611, -0.604609, 3.13405, 9.35414 )
bind/29/bone = 29
bind/29/pose = Transform( 0.123341, -0.00380803, 0.992357, -0.665587, -0.736893, 0.0798853, 0.736057, -0.665705, -0.0940528, 0.447367, 3.23649, 9.10918 )
bind/30/bone = 30
bind/30/pose = Transform( 0.148494, -0.0690097, 0.986471, -0.619953, -0.778282, 0.0381412, 0.770459, -0.612947, -0.159437, 1.11428, 3.53667, 8.84401 )
bind/31/bone = 31
bind/31/pose = Transform( 0.163316, -0.126772, 0.978284, -0.621622, -0.777888, 0.00158627, 0.766103, -0.60416, -0.207261, 1.66285, 3.33661, 8.75926 )
bind/32/bone = 32
bind/32/pose = Transform( 0.973002, -0.0687862, 0.22016, -0.197803, -0.736623, 0.640855, 0.118917, -0.662454, -0.735415, 4.67426, 5.70902, 6.33432 )
bind/33/bone = 33
bind/33/pose = Transform( 0.852227, -0.493473, 0.163674, -0.515548, -0.739289, 0.424299, -0.0889941, -0.442861, -0.890607, 7.82448, 4.09472, 3.59348 )
bind/34/bone = 34
bind/34/pose = Transform( 0.73967, -0.666699, 0.0466765, -0.66354, -0.711026, 0.216997, -0.112261, -0.190118, -0.975056, 8.81944, 2.99001, 1.39718 )
bind/35/bone = 35
bind/35/pose = Transform( 0.0955826, -0.0543347, 0.993918, -0.627854, -0.772742, 0.0175709, 0.77244, -0.621376, -0.108707, 0.94466, 3.70428, 8.93478 )
bind/36/bone = 36
bind/36/pose = Transform( -0.00451679, -0.00831389, 0.999955, -0.554084, -0.826639, -0.00944304, 0.832448, -0.550263, -0.000859811, 0.0747212, 4.21394, 8.63508 )
bind/37/bone = 37
bind/37/pose = Transform( -0.0658932, 0.0598323, 0.996004, -0.556949, -0.824684, 0.0134168, 0.827928, -0.550005, 0.0882955, -0.787509, 3.97541, 8.61312 )
bind/38/bone = 38
bind/38/pose = Transform( -0.0727515, 0.0609024, 0.99546, -0.61601, -0.782273, 0.00353711, 0.784372, -0.608712, 0.0951079, -0.644942, 3.8503, 8.89176 )
bind/39/bone = 39
bind/39/pose = Transform( -0.131572, 0.162786, 0.977654, -0.570227, -0.813571, 0.0606494, 0.810882, -0.545704, 0.201282, -1.78484, 4.07954, 8.51482 )
bind/40/bone = 40
bind/40/pose = Transform( -0.273551, 0.251345, 0.927952, -0.569475, -0.814429, 0.0558384, 0.775157, -0.509628, 0.368493, -3.22131, 3.88842, 8.07682 )
bind/41/bone = 41
bind/41/pose = Transform( -0.136234, 0.0483134, 0.98948, -0.589689, -0.800973, -0.0415047, 0.796058, -0.585062, 0.13859, -0.688886, 4.12903, 8.76574 )
bind/42/bone = 42
bind/42/pose = Transform( -0.357429, 0.248091, 0.899899, -0.553116, -0.827252, 0.0115954, 0.752534, -0.490198, 0.435944, -3.45598, 4.30912, 7.87175 )
bind/43/bone = 43
bind/43/pose = Transform( -0.398991, 0.279182, 0.872786, -0.570269, -0.815757, 0.00392577, 0.718053, -0.492735, 0.488087, -3.92512, 3.99157, 7.74477 )
bind/44/bone = 44
bind/44/pose = Transform( -0.766995, 0.637207, 0.00022384, 0.641653, 0.761681, -2.6508e-05, -0.00018871, 0.000156816, -1, -2.54531, -9.54956, -0.122716 )
bind/45/bone = 45
bind/45/pose = Transform( -0.766995, -0.637207, -0.00022384, -0.641653, 0.761681, -2.6508e-05, 0.00018871, 0.000156816, -1, 2.54531, -9.54956, -0.122715 )
bind/46/bone = 46
bind/46/pose = Transform( 0.998419, 0.0558221, 6.86598e-08, -0.0562116, 0.991501, -3.44931e-05, -2.00717e-06, -2.0115e-07, 1, -3.27569, -10.5346, 2.40744 )
bind/47/bone = 47
bind/47/pose = Transform( 0.998419, -0.0558221, -6.9125e-08, 0.0562116, 0.991501, -3.44932e-05, 2.00699e-06, -1.71497e-07, 1, 3.27569, -10.5346, 2.40744 )
bind/48/bone = 48
bind/48/pose = Transform( -1, 1.00438e-07, -6.25476e-07, 9.46187e-08, 0.993071, -3.44791e-05, 6.25489e-07, 1.01273e-07, -1, -3.36013, -4.20698, 5.07209 )
bind/49/bone = 49
bind/49/pose = Transform( -1, 1.00438e-07, 6.3019e-07, 9.46188e-08, 0.993071, -3.46017e-05, -6.30177e-07, 9.89611e-08, -1, 3.36013, -4.20698, 5.07209 )
bind/50/bone = 50
bind/50/pose = Transform( 1, -8.72807e-12, -3.72156e-11, 6.34175e-09, -0.966485, 0.229873, 1.47625e-09, -0.228247, -0.973221, 8.0068e-11, 8.98258, 2.09383 )
bind/51/bone = 51
bind/51/pose = Transform( 0.999046, -0.0433658, 0.000850104, -0.0436757, -0.991784, 0.0261573, -0.000293247, -0.0259537, -0.999658, -0.49261, 8.20887, 0.235469 )
bind/52/bone = 52
bind/52/pose = Transform( 0.999546, 0.0276945, 0.0114477, 0.0289659, -0.986799, -0.10837, 0.00835325, 0.107934, -0.994045, -0.802199, 4.26998, -0.351325 )
bind/53/bone = 53
bind/53/pose = Transform( 0.999046, 0.0433658, -0.000850104, 0.0436757, -0.991784, 0.0261573, 0.000293248, -0.0259537, -0.999658, 0.49261, 8.20887, 0.235469 )
bind/54/bone = 54
bind/54/pose = Transform( 0.999546, -0.0276945, -0.0114477, -0.0289658, -0.986799, -0.10837, -0.00835325, 0.107934, -0.994045, 0.802199, 4.26998, -0.351325 )
bind/55/bone = 55
bind/55/pose = Transform( 0.778921, -0.533347, -0.329884, -0.541076, -0.837492, 0.0764465, -0.317048, 0.118947, -0.940921, 0.984861, 0.31819, -0.588632 )
bind/56/bone = 56
bind/56/pose = Transform( 0.999962, -0.00405509, 0.00770988, -0.00871056, -0.476382, 0.879195, 0.000107538, -0.879229, -0.4764, 0.787006, 0.626416, 0.63711 )
bind/57/bone = 57
bind/57/pose = Transform( -1, -4.40923e-09, -9.78616e-10, 7.76526e-08, -8.9407e-08, 1, 6.02013e-08, 1, 5.96046e-08, -0.793352, -0.934099, -0.218396 )
bind/58/bone = 58
bind/58/pose = Transform( 0.778921, 0.533347, 0.329884, 0.541076, -0.837492, 0.0764465, 0.317048, 0.118947, -0.940921, -0.984861, 0.31819, -0.588632 )
bind/59/bone = 59
bind/59/pose = Transform( 0.999962, 0.00405509, -0.00770988, 0.00871056, -0.476382, 0.879195, -0.000107538, -0.879229, -0.4764, -0.787006, 0.626416, 0.63711 )
bind/60/bone = 60
bind/60/pose = Transform( -1, 4.40923e-09, 9.78616e-10, -7.76526e-08, -8.9407e-08, 1, -6.02013e-08, 1, 5.96046e-08, 0.793352, -0.934099, -0.218396 )

[node name="woman_alpha" type="Spatial"]

[node name="Camera" type="Spatial" parent="."]
transform = Transform( 1, 0, 0, 0, 1, 0, 0, 0, 1, 0, 20.6724, 0 )
visible = false

[node name="Teen_rig" type="Spatial" parent="."]
transform = Transform( 1, 0, 0, 0, 0.000523627, 1, 0, -1, 0.000523627, 0, 0, 7.71678 )

[node name="Skeleton" type="Skeleton" parent="Teen_rig"]
bones/0/name = "main"
bones/0/parent = -1
bones/0/rest = Transform( 1, 0, 0, 0, 0, 1, 0, -1, 0, 5.37767e-16, 0.000848535, 1.68494 )
bones/0/enabled = true
bones/0/bound_children = [  ]
bones/1/name = "root"
bones/1/parent = 0
bones/1/rest = Transform( 1, 1.85585e-09, -9.85519e-08, 2.34349e-09, -0.999988, 0.00501759, -9.78586e-08, -0.00498283, -1.00696, -3.71878e-09, 3.40792, 9.29921 )
bones/1/enabled = true
bones/1/bound_children = [  ]
bones/2/name = "spine"
bones/2/parent = 1
bones/2/rest = Transform( 1, -1.0094e-07, 6.75429e-09, 1.86023e-09, 0.0850999, 0.996372, -1.01149e-07, -0.996372, 0.0850999, -8.74856e-14, 2.00475, 3.86499e-08 )
bones/2/enabled = true
bones/2/bound_children = [  ]
bones/3/name = "chest"
bones/3/parent = 2
bones/3/rest = Transform( 1, -1.5782e-12, 5.02136e-12, -6.40243e-15, 0.953625, 0.300997, -5.26353e-12, -0.300997, 0.953625, -2.43945e-19, 1.23725, 2.98023e-08 )
bones/3/enabled = true
bones/3/bound_children = [  ]
bones/4/name = "neck"
bones/4/parent = 3
bones/4/rest = Transform( 1, -3.96722e-09, 4.83452e-07, 2.38792e-07, 0.873533, -0.486764, -4.2038e-07, 0.486764, 0.873533, 2.29198e-09, 2.3564, -2.02656e-06 )
bones/4/enabled = true
bones/4/bound_children = [  ]
bones/5/name = "head"
bones/5/parent = 4
bones/5/rest = Transform( 1, 1.35713e-07, -4.64029e-07, -3.9674e-09, 0.962065, 0.272822, 4.83451e-07, -0.272822, 0.962065, 7.63833e-14, 0.577728, -1.49012e-07 )
bones/5/enabled = true
bones/5/bound_children = [  ]
bones/6/name = "shoulder_l"
bones/6/parent = 3
bones/6/rest = Transform( 0.14493, 0.975531, 0.16533, -0.202497, -0.134314, 0.970028, 0.968499, -0.174065, 0.178076, 0.143625, 2.06371, 0.169243 )
bones/6/enabled = true
bones/6/bound_children = [  ]
bones/7/name = "upper_arm_l"
bones/7/parent = 6
bones/7/rest = Transform( -0.379019, -0.00405684, 0.92538, -0.898645, 0.240282, -0.367016, -0.220863, -0.970694, -0.0947174, -0.0485832, 1.27585, -0.0046239 )
bones/7/enabled = true
bones/7/bound_children = [  ]
bones/8/name = "forearm_l"
bones/8/parent = 7
bones/8/rest = Transform( 0.998499, -0.0300883, -0.0457717, 0.0249075, 0.993639, -0.109823, 0.048785, 0.108518, 0.992897, -2.3756e-07, 2.07459, 7.45058e-08 )
bones/8/enabled = true
bones/8/bound_children = [  ]
bones/9/name = "hand_l"
bones/9/parent = 8
bones/9/rest = Transform( 0.256865, 0.188495, 0.947887, 0.0426474, 0.977629, -0.205966, -0.965506, 0.0933304, 0.24308, 6.23986e-08, 2.28158, 4.56348e-08 )
bones/9/enabled = true
bones/9/bound_children = [  ]
bones/10/name = "f_index_1_l"
bones/10/parent = 9
bones/10/rest = Transform( 0.988613, -0.0213897, 0.148952, 0.0333114, 0.996396, -0.0780077, -0.146746, 0.0820812, 0.985763, -0.240646, 0.634782, 0.0433236 )
bones/10/enabled = true
bones/10/bound_children = [  ]
bones/11/name = "f_index_2_l"
bones/11/parent = 10
bones/11/rest = Transform( 0.997511, 0.0356352, 0.0608406, -0.0315052, 0.997219, -0.0675427, -0.0630782, 0.0654578, 0.99586, -4.47035e-08, 0.271873, 6.92904e-07 )
bones/11/enabled = true
bones/11/bound_children = [  ]
bones/12/name = "f_index_3_l"
bones/12/parent = 11
bones/12/rest = Transform( 0.998165, 0.0363352, 0.0484338, -0.0360835, 0.99933, -0.00606125, -0.0486216, 0.00430247, 0.998808, 1.49012e-08, 0.195351, -4.80562e-07 )
bones/12/enabled = true
bones/12/bound_children = [  ]
bones/13/name = "thumb_1_l"
bones/13/parent = 9
bones/13/rest = Transform( 0.212014, -0.579668, 0.786787, 0.645715, 0.687407, 0.33245, -0.733554, 0.437557, 0.520041, -0.0787746, 0.122047, 0.133181 )
bones/13/enabled = true
bones/13/bound_children = [  ]
bones/14/name = "thumb_2_l"
bones/14/parent = 13
bones/14/rest = Transform( 0.899669, 0.356654, 0.25178, -0.304896, 0.926069, -0.222337, -0.312463, 0.123263, 0.941899, 1.41561e-07, 0.330358, -9.08971e-07 )
bones/14/enabled = true
bones/14/bound_children = [  ]
bones/15/name = "thumb_3_l"
bones/15/parent = 14
bones/15/rest = Transform( 0.971607, 0.174192, 0.160116, -0.138244, 0.967156, -0.213301, -0.192013, 0.18511, 0.963777, 2.6077e-08, 0.281693, -2.08616e-07 )
bones/15/enabled = true
bones/15/bound_children = [  ]
bones/16/name = "f_middle_1_l"
bones/16/parent = 9
bones/16/rest = Transform( 0.986143, 0.0436927, 0.160043, -0.0218407, 0.990491, -0.135834, -0.164456, 0.130456, 0.977719, -0.0555951, 0.658029, -0.0201787 )
bones/16/enabled = true
bones/16/bound_children = [  ]
bones/17/name = "f_middle_2_l"
bones/17/parent = 16
bones/17/rest = Transform( 0.993898, 0.0168288, -0.109009, -0.0268909, 0.995442, -0.0915036, 0.106972, 0.0938766, 0.98982, 5.96046e-08, 0.297701, -3.88594e-07 )
bones/17/enabled = true
bones/17/bound_children = [  ]
bones/18/name = "f_middle_3_l"
bones/18/parent = 17
bones/18/rest = Transform( 0.995754, -0.022855, -0.0891732, 0.0230753, 0.999733, 0.00143998, 0.0891165, -0.00349157, 0.996015, -1.86265e-09, 0.208986, -5.34777e-07 )
bones/18/enabled = true
bones/18/bound_children = [  ]
bones/19/name = "f_ring_1_l"
bones/19/parent = 9
bones/19/rest = Transform( 0.997314, 0.0584758, -0.0441146, -0.0642075, 0.987744, -0.142264, 0.0352549, 0.144714, 0.988845, 0.128543, 0.637358, -0.0183812 )
bones/19/enabled = true
bones/19/bound_children = [  ]
bones/20/name = "f_ring_2_l"
bones/20/parent = 19
bones/20/rest = Transform( 0.992848, -0.0515941, -0.107661, 0.0446501, 0.996824, -0.065943, 0.110721, 0.0606643, 0.991998, -4.47035e-08, 0.265468, -5.86733e-07 )
bones/20/enabled = true
bones/20/bound_children = [  ]
bones/21/name = "f_ring_3_l"
bones/21/parent = 20
bones/21/rest = Transform( 0.98471, 0.00494604, -0.17413, -0.00489033, 0.999988, 0.000748981, 0.174132, 0.000114026, 0.984722, 8.9407e-08, 0.200884, -1.52737e-07 )
bones/21/enabled = true
bones/21/bound_children = [  ]
bones/22/name = "f_pinky_1_l"
bones/22/parent = 9
bones/22/rest = Transform( 0.990458, 0.104928, -0.0893474, -0.118596, 0.979179, -0.164754, 0.0701997, 0.173778, 0.98228, 0.272227, 0.61688, -0.0221678 )
bones/22/enabled = true
bones/22/bound_children = [  ]
bones/23/name = "f_pinky_2_l"
bones/23/parent = 22
bones/23/rest = Transform( 0.951287, -0.0462722, -0.304816, 0.0280989, 0.997571, -0.0637426, 0.307025, 0.0520725, 0.950276, 2.98023e-08, 0.234942, -1.3411e-07 )
bones/23/enabled = true
bones/23/bound_children = [  ]
bones/24/name = "f_pinky_3_l"
bones/24/parent = 23
bones/24/rest = Transform( 0.998279, -0.0021216, -0.0585997, 0.00340529, 0.999756, 0.0218148, 0.0585391, -0.0219768, 0.998043, 5.96046e-08, 0.136297, -5.36442e-07 )
bones/24/enabled = true
bones/24/bound_children = [  ]
bones/25/name = "shoulder_r"
bones/25/parent = 3
bones/25/rest = Transform( 0.14493, -0.975531, -0.16533, 0.202497, -0.134314, 0.970028, -0.968499, -0.174065, 0.178076, -0.143625, 2.06371, 0.169242 )
bones/25/enabled = true
bones/25/bound_children = [  ]
bones/26/name = "upper_arm_r"
bones/26/parent = 25
bones/26/rest = Transform( -0.37902, 0.00405669, -0.92538, 0.898646, 0.240282, -0.367016, 0.220863, -0.970695, -0.0947171, 0.0485831, 1.27585, -0.00462294 )
bones/26/enabled = true
bones/26/bound_children = [  ]
bones/27/name = "forearm_r"
bones/27/parent = 26
bones/27/rest = Transform( 0.998499, 0.0300885, 0.0457715, -0.0249077, 0.993639, -0.109823, -0.0487847, 0.108518, 0.992897, -7.18472e-07, 2.07459, -2.98023e-08 )
bones/27/enabled = true
bones/27/bound_children = [  ]
bones/28/name = "hand_r"
bones/28/parent = 27
bones/28/rest = Transform( 0.256866, -0.188495, -0.947887, -0.0426474, 0.977629, -0.205966, 0.965506, 0.0933306, 0.243081, -8.21427e-07, 2.28158, 8.28877e-08 )
bones/28/enabled = true
bones/28/bound_children = [  ]
bones/29/name = "f_index_1_r"
bones/29/parent = 28
bones/29/rest = Transform( 0.988614, 0.0213913, -0.148945, -0.0333133, 0.996395, -0.0780147, 0.146739, 0.0820883, 0.985763, 0.240646, 0.63478, 0.04332 )
bones/29/enabled = true
bones/29/bound_children = [  ]
bones/30/name = "f_index_2_r"
bones/30/parent = 29
bones/30/rest = Transform( 0.997511, -0.035638, -0.0608429, 0.0315079, 0.997219, -0.0675405, 0.0630807, 0.0654553, 0.99586, 4.47035e-08, 0.271875, 6.09085e-07 )
bones/30/enabled = true
bones/30/bound_children = [  ]
bones/31/name = "f_index_3_r"
bones/31/parent = 30
bones/31/rest = Transform( 0.998165, -0.0363358, -0.0484386, 0.0360843, 0.99933, -0.00605667, 0.0486262, 0.00429768, 0.998808, 8.9407e-08, 0.195348, -3.72529e-08 )
bones/31/enabled = true
bones/31/bound_children = [  ]
bones/32/name = "thumb_1_r"
bones/32/parent = 28
bones/32/rest = Transform( 0.212014, 0.579672, -0.786785, -0.645717, 0.687405, 0.332451, 0.733552, 0.437556, 0.520044, 0.0787749, 0.122045, 0.133181 )
bones/32/enabled = true
bones/32/bound_children = [  ]
bones/33/name = "thumb_2_r"
bones/33/parent = 32
bones/33/rest = Transform( 0.899668, -0.356657, -0.25178, 0.304898, 0.926067, -0.222344, 0.312465, 0.123269, 0.941897, -3.72529e-09, 0.330358, -1.93715e-07 )
bones/33/enabled = true
bones/33/bound_children = [  ]
bones/34/name = "thumb_3_r"
bones/34/parent = 33
bones/34/rest = Transform( 0.971607, -0.174192, -0.160116, 0.138244, 0.967157, -0.213297, 0.192012, 0.185106, 0.963777, 2.86847e-07, 0.281693, 5.96046e-08 )
bones/34/enabled = true
bones/34/bound_children = [  ]
bones/35/name = "f_middle_1_r"
bones/35/parent = 28
bones/35/rest = Transform( 0.986143, -0.0436909, -0.160041, 0.0218388, 0.99049, -0.135836, 0.164454, 0.130458, 0.97772, 0.0555943, 0.658027, -0.0201785 )
bones/35/enabled = true
bones/35/bound_children = [  ]
bones/36/name = "f_middle_2_r"
bones/36/parent = 35
bones/36/rest = Transform( 0.993898, -0.016831, 0.109011, 0.0268935, 0.995441, -0.0915055, -0.106974, 0.0938788, 0.98982, -1.67638e-08, 0.297701, 1.22213e-06 )
bones/36/enabled = true
bones/36/bound_children = [  ]
bones/37/name = "f_middle_3_r"
bones/37/parent = 36
bones/37/rest = Transform( 0.995754, 0.0228553, 0.0891695, -0.023076, 0.999733, 0.00144385, -0.0891127, -0.00349539, 0.996015, 9.31323e-09, 0.208985, 3.05221e-07 )
bones/37/enabled = true
bones/37/bound_children = [  ]
bones/38/name = "f_ring_1_r"
bones/38/parent = 28
bones/38/rest = Transform( 0.997314, -0.0584722, 0.0441171, 0.0642045, 0.987744, -0.142267, -0.0352578, 0.144717, 0.988845, -0.128543, 0.637355, -0.0183798 )
bones/38/enabled = true
bones/38/bound_children = [  ]
bones/39/name = "f_ring_2_r"
bones/39/parent = 38
bones/39/rest = Transform( 0.992849, 0.0515886, 0.107657, -0.0446455, 0.996825, -0.0659372, -0.110716, 0.0606593, 0.991999, -4.47035e-08, 0.265469, -7.52509e-07 )
bones/39/enabled = true
bones/39/bound_children = [  ]
bones/40/name = "f_ring_3_r"
bones/40/parent = 39
bones/40/rest = Transform( 0.98471, -0.00494436, 0.174133, 0.00488917, 0.999988, 0.000745925, -0.174134, 0.000116845, 0.984722, 1.49012e-07, 0.200887, -7.26432e-07 )
bones/40/enabled = true
bones/40/bound_children = [  ]
bones/41/name = "f_pinky_1_r"
bones/41/parent = 28
bones/41/rest = Transform( 0.990458, -0.10493, 0.0893467, 0.118597, 0.979179, -0.164753, -0.0701988, 0.173777, 0.98228, -0.272227, 0.616879, -0.0221663 )
bones/41/enabled = true
bones/41/bound_children = [  ]
bones/42/name = "f_pinky_2_r"
bones/42/parent = 41
bones/42/rest = Transform( 0.95129, 0.0462707, 0.304807, -0.0281012, 0.997571, -0.0637321, -0.307016, 0.0520623, 0.950279, -5.96046e-08, 0.234943, -6.10948e-07 )
bones/42/enabled = true
bones/42/bound_children = [  ]
bones/43/name = "f_pinky_3_r"
bones/43/parent = 42
bones/43/rest = Transform( 0.998279, 0.00212116, 0.0586103, -0.0034044, 0.999756, 0.0218032, -0.0585498, -0.0219652, 0.998043, -2.98023e-08, 0.136296, 4.91738e-07 )
bones/43/enabled = true
bones/43/bound_children = [  ]
bones/44/name = "ik_arm_l"
bones/44/parent = 3
bones/44/rest = Transform( -0.766995, 0.641653, -0.000188194, 0.626754, 0.749248, 0.214023, 0.137469, 0.164036, -0.976829, 4.17523, -1.35526, -0.824205 )
bones/44/enabled = true
bones/44/bound_children = [  ]
bones/45/name = "ik_arm_r"
bones/45/parent = 3
bones/45/rest = Transform( -0.766995, -0.641653, 0.000188194, -0.626754, 0.749248, 0.214023, -0.137469, 0.164036, -0.976829, -4.17523, -1.35526, -0.824205 )
bones/45/enabled = true
bones/45/bound_children = [  ]
bones/46/name = "elbow_target_l"
bones/46/parent = 3
bones/46/rest = Transform( 0.998419, -0.0562116, -2.007e-06, 0.0549106, 0.975318, -0.21387, 0.0120239, 0.213532, 0.976862, 2.67836, 0.837483, -2.68361 )
bones/46/enabled = true
bones/46/bound_children = [  ]
bones/47/name = "elbow_target_r"
bones/47/parent = 3
bones/47/rest = Transform( 0.998419, 0.0562116, 2.007e-06, -0.0549105, 0.975318, -0.21387, -0.0120239, 0.213532, 0.976862, -2.67836, 0.837483, -2.68361 )
bones/47/enabled = true
bones/47/bound_children = [  ]
bones/48/name = "knee_target_r"
bones/48/parent = 1
bones/48/rest = Transform( -1, 0, 6.27833e-07, -6.27825e-07, -0.00500011, -0.999987, 3.13923e-09, -0.999988, 0.00500011, -3.36013, 6.82014, 4.99466 )
bones/48/enabled = true
bones/48/bound_children = [  ]
bones/49/name = "knee_target_l"
bones/49/parent = 1
bones/49/rest = Transform( -1, 8.52651e-14, -6.27833e-07, 6.27825e-07, -0.00500011, -0.999987, -3.13932e-09, -0.999987, 0.00500011, 3.36013, 6.82014, 4.99466 )
bones/49/enabled = true
bones/49/bound_children = [  ]
bones/50/name = "hips"
bones/50/parent = 1
bones/50/rest = Transform( 1, 9.78886e-08, 2.55049e-08, 1.81781e-09, 0.234703, -0.972067, -1.0114e-07, 0.972067, 0.234703, 9.61246e-10, 1.69625, 0.00384657 )
bones/50/enabled = true
bones/50/bound_children = [  ]
bones/51/name = "thigh_l"
bones/51/parent = 50
bones/51/rest = Transform( 0.999046, -0.0436757, -0.000293247, 0.0426944, 0.977971, -0.204325, 0.00921084, 0.204118, 0.978903, 0.850737, 1.02368, 0.192284 )
bones/51/enabled = true
bones/51/bound_children = [  ]
bones/52/name = "shin_l"
bones/52/parent = 51
bones/52/rest = Transform( 0.997384, 0.0722388, 0.00275556, -0.0712083, 0.9883, -0.134878, -0.0124667, 0.134329, 0.990858, 2.78524e-08, 3.88434, -1.36788e-08 )
bones/52/enabled = true
bones/52/bound_children = [  ]
bones/53/name = "thigh_r"
bones/53/parent = 50
bones/53/rest = Transform( 0.999046, 0.0436757, 0.000293247, -0.0426944, 0.977971, -0.204325, -0.00921084, 0.204118, 0.978903, -0.850737, 1.02368, 0.192284 )
bones/53/enabled = true
bones/53/bound_children = [  ]
bones/54/name = "shin_r"
bones/54/parent = 53
bones/54/rest = Transform( 0.997384, -0.0722388, -0.00275556, 0.0712083, 0.9883, -0.134878, 0.0124667, 0.134329, 0.990858, -2.78669e-08, 3.88434, -1.39116e-08 )
bones/54/enabled = true
bones/54/bound_children = [  ]
bones/55/name = "ikleg_r"
bones/55/parent = 0
bones/55/rest = Transform( 0.778921, -0.541076, -0.317048, 0.329884, -0.0764465, 0.940921, -0.533347, -0.837492, 0.118947, -0.781588, 1.93823, 0.860922 )
bones/55/enabled = true
bones/55/bound_children = [  ]
bones/56/name = "foot_r"
bones/56/parent = 55
bones/56/rest = Transform( 0.778511, -0.0427403, 0.626175, -0.53707, 0.470891, 0.69987, -0.324772, -0.881155, 0.343639, -7.22706e-07, 4.19095e-07, -5.06639e-07 )
bones/56/enabled = true
bones/56/bound_children = [  ]
bones/57/name = "toe_r"
bones/57/parent = 56
bones/57/rest = Transform( -0.999962, 0.00770988, -0.0040551, 0.00871059, 0.879195, -0.476382, -0.000107628, -0.4764, -0.879229, 1.09256e-07, 1.35054, -9.59262e-08 )
bones/57/enabled = true
bones/57/bound_children = [  ]
bones/58/name = "ikleg_l"
bones/58/parent = 0
bones/58/rest = Transform( 0.778921, 0.541076, 0.317048, -0.329884, -0.0764465, 0.940921, 0.533347, -0.837492, 0.118947, 0.781588, 1.93823, 0.860922 )
bones/58/enabled = true
bones/58/bound_children = [  ]
bones/59/name = "foot_l"
bones/59/parent = 58
bones/59/rest = Transform( 0.778511, 0.0427403, -0.626175, 0.53707, 0.470891, 0.69987, 0.324772, -0.881155, 0.343639, 7.22706e-07, 4.19095e-07, -5.06639e-07 )
bones/59/enabled = true
bones/59/bound_children = [  ]
bones/60/name = "toe_l"
bones/60/parent = 59
bones/60/rest = Transform( -0.999962, -0.00770988, 0.0040551, -0.00871059, 0.879195, -0.476382, 0.000107628, -0.4764, -0.879229, -1.09256e-07, 1.35054, -9.59262e-08 )
bones/60/enabled = true
bones/60/bound_children = [  ]

[node name="female_teen" type="MeshInstance" parent="Teen_rig/Skeleton"]
material_override = SubResource( 6 )
mesh = ExtResource( 1 )
skin = SubResource( 2 )
material/0 = null
